4.4814E-13
6.5065E-13
8.2096E-13
4.9140E-13
4.3319E-13
4.8938E-13
5.3179E-13
4.2925E-13
3.4134E-13
4.4196E-13
4.6014E-13
4.7193E-13
6.5799E-13
3.8168E-13
4.1691E-13
4.9865E-13
1.1172E-12
3.9571E-13
4.9513E-13
5.1315E-13
5.7255E-13
1.1853E-12
3.7590E-13
3.6578E-13
4.4207E-13
4.4071E-13
3.7893E-13
5.8351E-13
3.2316E-13
4.8477E-13
4.2061E-13
6.4588E-13
4.5476E-13
4.3461E-13
4.1998E-13
6.2821E-13
7.9432E-13
5.4453E-13
3.7774E-13
4.4012E-13
6.7654E-13
5.4260E-13
5.2942E-13
8.8828E-13
4.5715E-13
5.4049E-13
3.5488E-13
5.5470E-13
1.4455E-12
4.5183E-13
4.3131E-13
5.4709E-13
4.1795E-13
5.2772E-13
5.0069E-13
7.3250E-13
8.7681E-13
4.5696E-13
5.4093E-13
4.6960E-13
5.4701E-13
4.9626E-13
3.7736E-13
4.6029E-13
3.9067E-13
3.8107E-13
5.6270E-13
4.6904E-13
5.0578E-13
3.5454E-13
5.8490E-13
6.4130E-13
8.1627E-13
4.3465E-13
4.5405E-13
3.7087E-13
1.5733E-12
4.9160E-13
4.6597E-13
3.9709E-13
9.2671E-13
5.0583E-13
4.9161E-13
6.4522E-13
4.6101E-13
5.1472E-13
4.1626E-13
6.1227E-13
5.0139E-13
4.6063E-13
4.2311E-13
4.9701E-13
3.8445E-13
4.5307E-13
4.0101E-13
3.3472E-13
4.3206E-13
5.2725E-13
4.6102E-13
4.4209E-13
4.8172E-13
1.2792E-12
6.3163E-13
4.6183E-13
1.2284E-12
7.6212E-13
4.0922E-13
6.3665E-13
8.9935E-13
3.9806E-13
6.5465E-13
3.9644E-13
4.0278E-13
3.6347E-13
3.7735E-13
6.7153E-13
4.9960E-13
7.2320E-13
1.3811E-12
7.4874E-13
1.0847E-12
4.8257E-13
3.1703E-13
6.3168E-13
9.1099E-13
3.8517E-13
5.1307E-13
7.4416E-13
7.2034E-13
3.5884E-13
3.4752E-13
4.5806E-13
5.0172E-13
6.1155E-13
7.8419E-13
4.7256E-13
3.7967E-13
5.0928E-13
4.9131E-13
3.4180E-13
1.0175E-12
5.5582E-13
2.9441E-13
5.0903E-13
4.1732E-13
5.7011E-13
5.6665E-13
4.4724E-13
3.2671E-13
6.7251E-13
5.2731E-13
4.7605E-13
4.8013E-13
5.1826E-13
2.7247E-13
4.5841E-13
6.5978E-13
1.6891E-12
6.1207E-13
4.3638E-13
4.2573E-13
4.5793E-13
4.0963E-13
3.9242E-13
3.7828E-13
4.2674E-13
1.8164E-12
5.1804E-13
3.7348E-13
9.5674E-13
3.9676E-13
7.1696E-13
7.3871E-13
7.5803E-13
4.1066E-13
4.9429E-13
6.0610E-13
7.8474E-13
8.0869E-13
6.2634E-13
3.9782E-13
4.2080E-13
4.2710E-13
3.9377E-13
3.3433E-13
9.1340E-13
1.3306E-12
5.1729E-13
3.6184E-13
4.1075E-13
3.4129E-13
1.5311E-12
4.6300E-13
4.3399E-13
5.1990E-13
6.6104E-13
4.4590E-13
5.0950E-13
5.0503E-13
5.8030E-13
4.4335E-13
5.8520E-13
6.4908E-13
3.3940E-13
6.2622E-13
5.2802E-13
3.9202E-13
4.1670E-13
5.4246E-13
3.8045E-13
4.9523E-13
7.6466E-13
5.2346E-13
4.0020E-13
4.8025E-13
5.7305E-13
3.0008E-13
3.5147E-13
7.3823E-13
4.1629E-13
1.9369E-12
1.2264E-12
6.2514E-13
5.8084E-13
4.0599E-13
5.8768E-13
4.4239E-13
4.7276E-13
8.3187E-13
3.8479E-13
4.1801E-13
3.9934E-13
8.6072E-13
1.4525E-12
5.6307E-13
4.3875E-13
4.3153E-13
4.1378E-13
3.6614E-13
4.9789E-13
3.8589E-13
3.3045E-13
5.5434E-13
4.7315E-13
3.5913E-13
4.6255E-13
6.0883E-13
7.5132E-13
5.7720E-13
1.0955E-12
4.2089E-13
4.4429E-13
5.3543E-13
4.0589E-13
6.6647E-13
4.2986E-13
7.3003E-13
6.1011E-13
5.2592E-13
5.5395E-13
7.2076E-13
4.8733E-13
4.6628E-13
4.5607E-13
3.5466E-13
2.9790E-13
4.7249E-13
4.9587E-13
4.4998E-13
4.6707E-13
9.3528E-13
1.0515E-12
3.4490E-13
3.3830E-13
4.1411E-13
6.8525E-13
5.6985E-13
7.2455E-13
3.8654E-13
6.2541E-13
3.4407E-13
3.8361E-13
4.1498E-13
4.0396E-13
4.7439E-13
5.2164E-13
3.9779E-13
4.2158E-13
4.8869E-13
4.7380E-13
9.6942E-13
8.4790E-13
4.3442E-13
3.4578E-13
1.0188E-12
4.3642E-13
1.5832E-12
3.8212E-13
4.0654E-13
4.5893E-13
3.8002E-13
6.9249E-13
3.9274E-13
4.7833E-13
3.0829E-13
3.7618E-13
4.0815E-13
4.4232E-13
4.8619E-13
5.4752E-13
4.7806E-13
6.2573E-13
4.6352E-13
4.8925E-13
8.2094E-13
1.0701E-12
1.1284E-12
1.1788E-12
5.3770E-13
4.7330E-13
5.0983E-13
5.7143E-13
3.9727E-13
1.8477E-12
3.6096E-13
5.3202E-13
2.9516E-12
3.9288E-13
5.0820E-13
4.7311E-13
3.9638E-13
4.7806E-13
4.4426E-13
5.9843E-13
6.1371E-13
7.7885E-13
5.1244E-13
5.4202E-13
5.5055E-13
5.0813E-13
5.4502E-13
4.9848E-13
4.4049E-13
5.4658E-13
7.7995E-13
6.2628E-13
5.6942E-13
4.0671E-13
5.3049E-13
3.4369E-13
1.6245E-12
6.0191E-13
8.7728E-13
4.1588E-13
4.9668E-13
7.6494E-13
3.8646E-13
5.6947E-13
4.4910E-13
4.1233E-13
6.0741E-13
3.3754E-13
4.5265E-13
3.5794E-13
6.7226E-13
3.4315E-13
4.5743E-13
5.1752E-13
5.5397E-13
3.9734E-13
1.4436E-12
4.4224E-13
9.8550E-13
8.7583E-13
2.2388E-12
4.6998E-13
5.0769E-13
4.1750E-13
6.1310E-13
3.9312E-13
4.4116E-13
4.0837E-13
7.7278E-13
7.1430E-13
5.2828E-13
7.3790E-13
6.3607E-13
6.4285E-13
4.3737E-13
3.6744E-13
7.2418E-13
9.1886E-13
2.9866E-13
5.2418E-13
5.8160E-13
6.7363E-13
4.7180E-13
4.0158E-13
1.0522E-12
5.3016E-13
4.1089E-13
4.9263E-13
5.7482E-13
5.0797E-13
5.7309E-13
4.2771E-13
4.7896E-13
7.9222E-13
9.5867E-13
6.3525E-13
3.8458E-13
4.6192E-13
5.1539E-13
3.8073E-13
4.6458E-13
3.9481E-13
5.8972E-13
5.2676E-13
4.6742E-13
1.9124E-12
4.1827E-13
6.0170E-13
4.2987E-13
4.4502E-13
4.7318E-13
5.1230E-13
4.0905E-13
3.4384E-13
7.1115E-13
1.1146E-12
3.3798E-13
5.4096E-13
8.7045E-13
5.7930E-13
4.7734E-13
3.0339E-13
6.2378E-13
3.1946E-13
2.9237E-13
5.1432E-13
6.2747E-13
5.8366E-13
1.0311E-12
6.1470E-13
5.1588E-13
3.9363E-13
3.3898E-13
3.6549E-13
6.3120E-13
2.9141E-13
5.9874E-13
1.2656E-12
6.8569E-13
6.7572E-13
3.8299E-13
3.3344E-13
3.0688E-13
7.3764E-13
3.1683E-13
3.3786E-12
7.6665E-13
4.0933E-13
8.8156E-13
5.7578E-13
7.9018E-13
7.5806E-13
5.1826E-13
1.0273E-12
3.5642E-13
3.8553E-13
5.5315E-13
4.9990E-13
9.0149E-13
9.7041E-13
4.6739E-13
7.6386E-13
3.5824E-13
6.3003E-13
3.3612E-13
6.3372E-13
3.1380E-13
3.0983E-13
5.8258E-13
5.1606E-13
4.0740E-13
4.7538E-13
5.1457E-13
1.0975E-12
5.2822E-13
1.2098E-12
1.0716E-12
4.9084E-13
5.0285E-13
1.4941E-12
3.8369E-13
4.9835E-13
5.4303E-13
3.9570E-13
1.1967E-12
2.9778E-13
4.8638E-13
6.6761E-13
1.3336E-12
3.7129E-13
5.7355E-13
5.6576E-13
6.1700E-13
3.2905E-13
6.2084E-13
5.9510E-13
7.6564E-13
1.6447E-12
4.8057E-13
6.0879E-13
3.5700E-13
5.2825E-13
5.5615E-13
4.4159E-13
5.6094E-13
7.0671E-13
4.5382E-13
3.5154E-13
4.4420E-13
3.8007E-13
4.5455E-13
5.1530E-13
3.8288E-13
4.5486E-13
3.6336E-13
5.9538E-13
3.8951E-13
4.2655E-13
5.7408E-13
5.1566E-13
3.5252E-13
4.7996E-13
3.5212E-13
7.4616E-13
4.0679E-13
3.9132E-13
5.1357E-13
4.4202E-13
8.4451E-13
3.6147E-13
7.7434E-13
7.6865E-13
5.0555E-13
5.4330E-13
5.3166E-13
4.2461E-13
6.8084E-13
4.3705E-13
1.2105E-12
3.6724E-13
3.7411E-13
5.7623E-13
3.6540E-13
9.6206E-13
7.6524E-13
5.6627E-13
5.8693E-13
7.0216E-13
5.5277E-13
4.4052E-13
4.3884E-13
4.1015E-13
5.6346E-13
7.7554E-13
7.8542E-13
6.4577E-13
3.3384E-13
6.9220E-13
6.2698E-13
7.6895E-13
7.8729E-13
8.6163E-13
8.3860E-13
1.2821E-12
8.9861E-13
5.1661E-13
6.1645E-13
1.0514E-12
2.9675E-12
7.5518E-13
3.2989E-13
3.5355E-13
1.0485E-12
4.7678E-13
4.9394E-13
9.0091E-13
5.1398E-13
8.6406E-13
1.1319E-12
6.4672E-13
6.5282E-13
1.7156E-12
4.5579E-13
4.6419E-13
4.6519E-13
7.4099E-13
4.2072E-13
3.7924E-13
4.6086E-13
3.6386E-13
5.5461E-13
3.2499E-13
6.5123E-13
8.0038E-13
4.9555E-13
5.7177E-13
5.1897E-13
5.5257E-13
9.7780E-13
8.4272E-13
8.2423E-13
1.1480E-12
6.1959E-13
4.8541E-13
3.6250E-13
6.4250E-13
3.9222E-13
3.9919E-13
1.7013E-13
7.3609E-13
1.2036E-12
8.7167E-13
2.5892E-12
4.2664E-13
1.0001E-12
3.8539E-13
3.2436E-13
5.8005E-13
7.1058E-13
6.0121E-13
7.3271E-13
1.0832E-12
4.1695E-13
4.6359E-13
7.0295E-13
2.3046E-12
5.5761E-13
5.3236E-13
4.0125E-13
5.1692E-13
1.1128E-12
9.8795E-13
6.8519E-13
3.6803E-13
6.6130E-13
4.8294E-13
1.9627E-12
7.6860E-13
4.6970E-13
6.6251E-13
7.1490E-13
3.8398E-13
6.5565E-13
2.6331E-13
5.5129E-13
5.5272E-13
7.7940E-13
4.5948E-13
7.2836E-13
1.1837E-12
4.3292E-13
1.0776E-12
3.9579E-13
8.1597E-13
2.0047E-12
4.3999E-13
5.6171E-13
4.5393E-13
1.5757E-12
4.3999E-13
6.2397E-13
4.5277E-13
5.0500E-13
7.3205E-13
1.0595E-12
6.4034E-13
4.8026E-13
1.0429E-12
8.2439E-13
3.2035E-13
1.2449E-12
7.7881E-13
7.9327E-13
5.3550E-13
5.1346E-13
5.2683E-13
1.0677E-12
5.1237E-13
4.0727E-13
5.7461E-13
7.0286E-13
4.3704E-13
1.1314E-12
5.8564E-13
4.2470E-13
6.8637E-13
6.9711E-13
6.2196E-13
9.1039E-13
1.8933E-12
1.5146E-12
1.6310E-12
5.4025E-13
6.4276E-13
5.4223E-13
5.2773E-13
4.8312E-13
4.3378E-13
6.3680E-13
8.9942E-13
9.6575E-13
3.8994E-13
4.7480E-13
4.1624E-13
2.6043E-12
7.9732E-13
6.4749E-13
6.6039E-13
3.8785E-13
4.8195E-13
1.4917E-12
1.7921E-12
1.1015E-12
1.0916E-12
3.5878E-13
4.2873E-13
5.0443E-13
3.7072E-13
1.3241E-12
6.3224E-13
1.0663E-12
1.6204E-12
5.3006E-13
6.2739E-13
5.9913E-13
6.5061E-13
4.1569E-13
5.7172E-13
3.8230E-13
6.3989E-13
9.1592E-13
4.2592E-13
3.9404E-13
5.8657E-13
6.6280E-13
9.1780E-13
8.7165E-13
4.1004E-13
5.1633E-13
4.7009E-13
6.8001E-13
8.4079E-13
4.8987E-13
3.7022E-13
2.5839E-13
1.1774E-12
5.0443E-13
1.3214E-12
7.6916E-13
9.3725E-13
5.4821E-13
5.1284E-13
9.4631E-13
6.1782E-13
6.5922E-13
6.0497E-13
4.9007E-13
6.2112E-13
5.0163E-13
1.4888E-12
5.2372E-13
5.3567E-13
1.0228E-12
3.5654E-13
6.3626E-13
8.7854E-13
5.6124E-13
9.6670E-13
7.8660E-13
5.3871E-13
4.1553E-13
1.0437E-12
5.3627E-13
3.2022E-13
5.0908E-13
5.3841E-13
4.1365E-13
6.2322E-13
5.5491E-13
4.8129E-13
6.6243E-13
9.3470E-13
3.8926E-13
5.2641E-13
1.1768E-12
1.7730E-12
7.5525E-13
7.4612E-13
6.9511E-13
5.7741E-13
4.8913E-13
4.5439E-13
5.8668E-13
4.6171E-13
6.6167E-13
4.9269E-13
1.0201E-12
4.3914E-13
5.1316E-13
3.1775E-13
5.8627E-13
4.3135E-13
5.9592E-13
7.0924E-13
8.3587E-13
7.2747E-13
1.6834E-12
5.4901E-13
3.7467E-13
3.8543E-13
4.8557E-13
4.4735E-13
7.5042E-13
9.8277E-13
4.5598E-13
5.2639E-13
6.3827E-13
5.4262E-13
4.1432E-13
4.4028E-13
6.8698E-13
3.6023E-13
4.2523E-13
1.3976E-12
4.3420E-13
8.2398E-13
2.9231E-13
6.2823E-13
4.5574E-13
5.7012E-13
7.3892E-13
3.6929E-13
8.4554E-13
6.9485E-13
4.4158E-13
3.5001E-13
3.8940E-13
7.2818E-13
6.2934E-13
7.7107E-13
6.2894E-13
4.1198E-13
3.4126E-13
6.2053E-13
4.5389E-13
9.0904E-13
5.0303E-13
4.8451E-13
5.6205E-13
4.3758E-13
6.1783E-13
1.2069E-12
3.8513E-13
1.1062E-12
7.0230E-13
6.2510E-13
2.5024E-12
4.5531E-13
2.5047E-13
4.9884E-13
4.8990E-13
1.2788E-12
2.6283E-13
1.0545E-12
3.2200E-13
4.4058E-13
4.6853E-13
4.3713E-13
4.4747E-13
4.4731E-13
1.9234E-13
5.0695E-13
5.9216E-13
3.8757E-13
1.1127E-12
3.7574E-13
4.4904E-13
5.8112E-13
4.0740E-13
7.1583E-13
4.7947E-13
6.0833E-13
4.9485E-13
9.2046E-13
6.2519E-13
2.0805E-12
1.3853E-12
1.3562E-12
4.8820E-13
5.0647E-13
4.2953E-13
2.9919E-13
8.0591E-13
7.9795E-13
3.8022E-13
8.6664E-13
8.7373E-13
6.6264E-13
5.5093E-13
7.6604E-13
4.9095E-13
6.1379E-13
5.8644E-13
6.7071E-13
6.0379E-13
4.9260E-13
7.7183E-13
3.6998E-13
4.6415E-13
7.1043E-13
4.4255E-13
4.3653E-13
6.0427E-13
4.1743E-13
4.9889E-13
5.6196E-13
4.3002E-13
3.8070E-13
7.4041E-13
6.7222E-13
4.5402E-13
8.2133E-13
5.2228E-13
3.4490E-13
4.6638E-13
6.0013E-13
4.6991E-13
8.3789E-13
4.5043E-13
8.3169E-13
4.6899E-13
3.5845E-13
5.1050E-13
4.7297E-13
3.6068E-13
4.0778E-13
3.5160E-13
4.2448E-13
4.7948E-13
6.8143E-13
7.5891E-13
5.4802E-13
6.8517E-13
2.9275E-13
5.1167E-13
6.4634E-13
5.2948E-13
7.2452E-13
3.9897E-13
4.4955E-13
3.8869E-13
3.1071E-13
8.4329E-13
5.8164E-13
6.1091E-13
1.6453E-12
4.9012E-13
4.8417E-13
6.4268E-13
4.7094E-13
1.5087E-12
1.2473E-12
1.3504E-12
4.4639E-13
6.3190E-13
4.6904E-13
4.8829E-13
3.9315E-13
4.0354E-13
3.6554E-13
5.1194E-13
8.1813E-13
2.4357E-13
4.4239E-13
6.8437E-13
4.1338E-13
4.9475E-13
3.8615E-13
6.4128E-13
1.3143E-12
4.3690E-13
4.9602E-13
3.9470E-13
5.1805E-13
1.0085E-12
1.3703E-12
4.5541E-13
3.9311E-13
5.4538E-13
4.7247E-13
5.0860E-13
4.9556E-13
4.9121E-13
5.9038E-13
4.5220E-13
3.9997E-13
5.2002E-13
4.8423E-13
6.7738E-13
5.2873E-13
5.6491E-13
6.0034E-13
6.0844E-13
6.1583E-13
5.0011E-13
3.9007E-13
3.3753E-13
4.8704E-13
4.8063E-13
4.2873E-13
5.8427E-13
3.3973E-13
7.6315E-13
3.8235E-13
9.4459E-13
5.1264E-13
4.2821E-13
1.0666E-12
3.7326E-13
4.2939E-13
3.2924E-13
4.9503E-13
3.9277E-13
3.1744E-13
4.3494E-13
5.3681E-13
7.1023E-13
4.1695E-13
3.7949E-13
4.7376E-13
5.0922E-13
6.6987E-13
5.1062E-13
9.9233E-13
9.0561E-13
4.1158E-13
4.1893E-13
5.3086E-13
4.0569E-13
4.0530E-13
9.0347E-13
6.4149E-13
5.1119E-13
5.1676E-13
4.4894E-13
3.8130E-13
4.8340E-13
6.3883E-13
9.0611E-13
8.4229E-13
9.8550E-13
4.4989E-13
4.3399E-13
4.4674E-13
3.0918E-13
4.1256E-13
1.4712E-12
4.8065E-13
5.6089E-13
1.1732E-12
6.2963E-13
4.0804E-13
7.5312E-13
4.8053E-13
4.0509E-13
6.4793E-13
5.2823E-13
5.3564E-13
3.1391E-13
3.6794E-13
3.7629E-13
7.4893E-13
4.4933E-13
4.7475E-13
4.0859E-13
9.3114E-13
4.2934E-13
5.7913E-13
6.6446E-13
1.1732E-12
8.4937E-13
9.7482E-13
3.4672E-13
4.8524E-13
8.9702E-13
6.8137E-13
4.1978E-13
5.5787E-13
5.1589E-13
6.5773E-13
3.6765E-13
4.8638E-13
8.6692E-13
3.1997E-13
6.2793E-13
5.7165E-13
3.0615E-13
6.1941E-13
1.1563E-12
5.3702E-13
3.2429E-13
6.1496E-13
4.6422E-13
1.7512E-12
4.8897E-13
6.2500E-13
4.9668E-13
5.5034E-13
1.4001E-12
5.5905E-13
6.5954E-13
6.0923E-13
4.6191E-13
4.4453E-13
3.3159E-13
4.0258E-13
3.5272E-13
3.6429E-13
5.6116E-13
5.8659E-13
5.2192E-13
3.6812E-13
6.1500E-13
6.4460E-13
4.3259E-13
4.0084E-13
6.1619E-13
4.3154E-13
2.7218E-13
3.2527E-13
4.5073E-13
5.7974E-13
6.6630E-13
4.5051E-13
4.3480E-13
4.1994E-13
4.4860E-13
5.1117E-13
6.3073E-13
5.4229E-13
4.0347E-13
4.2635E-13
4.7771E-13
5.7844E-13
6.2092E-13
4.2737E-13
6.1115E-13
4.4908E-13
4.5992E-13
3.7573E-13
6.6014E-13
4.4090E-13
5.0467E-13
2.8723E-13
4.3440E-13
2.7970E-13
4.3420E-13
3.1518E-13
5.5269E-13
8.3741E-13
8.5750E-13
3.8913E-13
4.4555E-13
1.0249E-12
4.4212E-13
4.5617E-13
4.8877E-13
5.1212E-13
4.6076E-13
3.1941E-13
2.9818E-13
4.1452E-13
1.2326E-12
5.4261E-13
4.3529E-13
4.4040E-13
2.9607E-13
3.7578E-13
3.6821E-13
5.8454E-13
6.8265E-13
1.7696E-12
3.7060E-13
5.7172E-13
3.7173E-13
4.2669E-13
4.9838E-13
3.8079E-13
5.6786E-13
1.0169E-12
2.9630E-13
4.6731E-13
4.5717E-13
5.6220E-13
4.7878E-13
5.0318E-13
3.9207E-13
3.8601E-13
4.2887E-13
2.9303E-13
6.9934E-13
4.4086E-13
8.1066E-13
7.4253E-13
4.9121E-13
5.1685E-13
7.0366E-13
8.1535E-13
5.3496E-13
5.0853E-13
3.4115E-13
7.1929E-13
5.1071E-13
8.9473E-13
5.5746E-13
4.9199E-13
3.9375E-13
3.5210E-13
5.7895E-13
4.2739E-13
2.1798E-12
3.9581E-13
8.4988E-13
4.7114E-13
2.6639E-13
5.5087E-13
4.8052E-13
8.0333E-13
5.0848E-13
6.9828E-13
3.5925E-13
5.0727E-13
3.8548E-13
4.9532E-13
4.4016E-13
3.8699E-13
4.2378E-13
5.3628E-13
7.0752E-13
7.4731E-13
4.4464E-13
4.0489E-13
1.0444E-12
7.8685E-13
4.6760E-13
4.5652E-13
9.2770E-13
7.9612E-13
7.7337E-13
4.0425E-13
4.8395E-13
3.6889E-13
5.6098E-13
3.3436E-13
5.5958E-13
5.1473E-13
5.0194E-13
6.7783E-13
6.3098E-13
7.8444E-13
8.8118E-13
5.5574E-13
3.3893E-13
5.7279E-13
2.8263E-13
6.0299E-13
1.5831E-12
4.9661E-13
4.8292E-13
4.5136E-13
4.0240E-13
3.6188E-13
4.8889E-13
3.4302E-13
6.4651E-13
8.4118E-13
1.2335E-12
4.6534E-13
5.8302E-13
5.3158E-13
4.4483E-13
7.9321E-13
4.6671E-13
4.5677E-13
3.6757E-13
4.8147E-13
4.9935E-13
4.8729E-13
6.0479E-13
3.9484E-13
9.4620E-13
6.0460E-13
4.8991E-13
3.2381E-13
4.9410E-13
5.7621E-13
5.6340E-13
4.7894E-13
1.3524E-12
5.3027E-13
3.4298E-13
6.1936E-13
6.6479E-13
5.6432E-13
4.6140E-13
5.5875E-13
4.8590E-13
4.9664E-13
5.0324E-13
4.7920E-13
3.5070E-13
7.1551E-13
5.4233E-13
8.9187E-13
2.7481E-13
5.7192E-13
5.9153E-13
1.7445E-12
6.8211E-13
4.9611E-13
9.8553E-13
1.1873E-12
1.2991E-12
5.3787E-13
5.4557E-13
7.9122E-13
4.4917E-13
8.3948E-13
3.4427E-13
3.7710E-13
4.7077E-13
7.8794E-13
6.9216E-13
3.6616E-13
5.7634E-13
5.2714E-12
3.3753E-13
3.7956E-13
4.7556E-13
6.6701E-13
4.6982E-13
6.0619E-13
8.3662E-13
6.0996E-13
4.9440E-13
6.1288E-13
5.1419E-13
4.7945E-13
4.5069E-13
7.2661E-13
3.9250E-13
6.6222E-13
3.3193E-13
2.6647E-13
4.1344E-13
7.0764E-13
4.3791E-13
3.2703E-13
6.0766E-13
6.5582E-13
5.5792E-13
2.7924E-13
8.8540E-13
4.1504E-13
5.7762E-13
6.0608E-13
7.5360E-13
7.0778E-13
5.9300E-13
5.7257E-13
3.9552E-13
5.7893E-13
1.0720E-12
4.4604E-13
9.5694E-13
4.0889E-13
4.6325E-13
2.2219E-13
2.8198E-13
6.4934E-13
4.1405E-13
5.3325E-13
5.4671E-13
3.9437E-13
6.1634E-13
6.3588E-13
6.4171E-13
5.1271E-13
4.5666E-13
6.1766E-13
1.6495E-12
3.8661E-13
5.6803E-13
6.7015E-13
4.0012E-13
7.4823E-13
5.1497E-13
3.9254E-13
7.5860E-13
4.3190E-13
6.6703E-13
3.8414E-13
7.6731E-13
3.7356E-13
5.3576E-13
9.0356E-13
4.3889E-13
3.8328E-13
6.1073E-13
5.9008E-13
9.3571E-13
3.7263E-13
4.2571E-13
7.8867E-13
4.4962E-13
7.2867E-13
5.5676E-13
7.5800E-13
4.5265E-13
8.4502E-13
5.0979E-13
3.7898E-13
4.0218E-13
6.1896E-13
4.7155E-13
4.5034E-13
4.9086E-13
6.0462E-13
4.9684E-13
4.6289E-13
3.7654E-13
4.8100E-13
4.7078E-13
4.4911E-13
1.1475E-12
8.8445E-13
5.4742E-13
7.7993E-13
4.9234E-13
4.8329E-13
3.8885E-13
4.4821E-13
5.7822E-13
7.7281E-13
1.1731E-12
5.7394E-13
5.2319E-13
5.8321E-13
6.1088E-13
4.2417E-13
3.6624E-13
6.7870E-13
4.5770E-13
5.6212E-13
4.9831E-13
6.2259E-13
5.2232E-13
3.1064E-13
6.4470E-13
4.2542E-13
5.1348E-13
8.2787E-13
5.9502E-13
2.5872E-13
5.6430E-13
4.5575E-13
4.0905E-13
5.9161E-13
9.8486E-13
9.2989E-13
1.4357E-12
5.6797E-13
5.1933E-13
5.1700E-13
5.1953E-13
4.4250E-13
4.0908E-13
4.5296E-13
3.4815E-13
4.1627E-13
6.4285E-13
5.1278E-13
5.9162E-13
5.4360E-13
7.6945E-13
6.9783E-13
4.3995E-13
4.1004E-13
5.1596E-13
5.2240E-13
3.6577E-13
4.8264E-13
3.0481E-13
4.9118E-13
5.2021E-13
5.7421E-13
5.0419E-13
5.8616E-13
3.5154E-13
5.4650E-13
5.3950E-13
6.9138E-13
3.3713E-13
5.4785E-13
3.7611E-13
3.7986E-13
4.9938E-13
3.9075E-13
5.5483E-13
6.4439E-13
3.8284E-13
6.3800E-13
6.0364E-13
4.7149E-13
4.5752E-13
4.3808E-13
5.3685E-13
5.8373E-13
4.4070E-13
4.7673E-13
2.2497E-12
6.4410E-13
9.6826E-13
3.8833E-13
3.4066E-13
5.8295E-13
6.3142E-13
5.0429E-13
3.7409E-13
8.5995E-13
4.9668E-13
5.4312E-13
1.6866E-12
1.0558E-12
4.2791E-13
1.0336E-12
4.5712E-13
5.1390E-13
4.5781E-13
5.0289E-13
7.9755E-13
3.3762E-13
5.8714E-13
3.7062E-13
9.2692E-13
7.7018E-13
2.2976E-12
4.2883E-13
4.1139E-13
6.0562E-13
6.9886E-13
3.5646E-13
5.0612E-13
8.0608E-13
4.5283E-13
2.9147E-13
5.5159E-13
5.4107E-13
1.5582E-12
1.3475E-12
8.4788E-13
4.0627E-13
5.5811E-13
3.6416E-13
9.6611E-13
4.4483E-13
5.5322E-13
4.2022E-13
4.0549E-13
7.6059E-13
4.8723E-13
3.8489E-13
2.5088E-13
5.9398E-13
5.9743E-13
6.4609E-13
5.0725E-13
1.4481E-12
6.2777E-13
3.8171E-13
3.5615E-13
6.0373E-13
4.0308E-13
3.2001E-13
4.1773E-13
1.2880E-12
5.4633E-13
6.4893E-13
4.3504E-13
4.0157E-13
3.7631E-13
4.2296E-13
1.7651E-12
4.7796E-13
1.5282E-12
3.3202E-13
3.7742E-13
5.6467E-13
5.7746E-13
5.7086E-13
5.3772E-13
3.9089E-13
4.7062E-13
5.8231E-13
1.3077E-12
4.1557E-13
7.0301E-13
3.7468E-13
3.5403E-13
5.8236E-13
5.5800E-13
6.2779E-13
6.1804E-13
2.6584E-12
7.3048E-13
5.1874E-13
3.2152E-13
7.5606E-13
3.1303E-13
7.2024E-13
4.8596E-13
3.6504E-13
1.1975E-12
6.8660E-13
8.6852E-13
6.5043E-13
4.6939E-13
6.0491E-13
3.3960E-13
3.4392E-13
5.0512E-13
3.3546E-13
3.8085E-13
9.4112E-13
6.4580E-13
4.1599E-13
6.5816E-13
1.3636E-12
4.6677E-13
6.1394E-13
4.1477E-13
3.9232E-13
4.1946E-13
6.4907E-13
1.0365E-12
4.6371E-13
9.7537E-13
3.0095E-13
5.8279E-13
5.5492E-13
1.9724E-12
3.9773E-13
3.7337E-13
6.9208E-13
1.7253E-12
3.0837E-13
5.4854E-13
9.1898E-13
4.8591E-13
1.0093E-12
7.3320E-13
7.8329E-13
8.3775E-13
6.4772E-13
4.9217E-13
6.8788E-13
1.3000E-12
2.8618E-13
4.8990E-13
5.1742E-13
2.8223E-13
5.7495E-13
4.9237E-13
4.3794E-13
3.9127E-13
4.4638E-13
1.0423E-12
5.5201E-13
3.6298E-13
4.5720E-13
4.8154E-13
3.7146E-13
7.6129E-13
4.0682E-13
4.6610E-13
4.2625E-13
6.8568E-13
6.5117E-13
2.4243E-12
4.9946E-13
1.5818E-12
2.2707E-13
3.5712E-13
3.6313E-13
9.2850E-13
3.6498E-13
1.0044E-12
8.6055E-13
3.9403E-13
3.8731E-13
3.8787E-13
4.3754E-13
4.4999E-13
4.3120E-13
3.0896E-13
1.2165E-12
4.9864E-13
7.9563E-13
4.1194E-13
1.5607E-12
4.6479E-13
1.7229E-12
4.6899E-13
5.0569E-13
4.0444E-13
3.2900E-13
5.0631E-13
3.9475E-13
4.0676E-13
4.4125E-13
5.5760E-13
1.1493E-12
6.0763E-13
4.7265E-13
5.7116E-13
6.4882E-13
5.0083E-13
3.2391E-13
4.0510E-13
4.2369E-13
5.1382E-13
2.3771E-13
4.0502E-13
2.9800E-13
7.2229E-13
4.6164E-13
4.9208E-13
3.5812E-13
4.2162E-13
7.3354E-13
9.7047E-13
5.8173E-13
1.4078E-12
5.6946E-13
6.3794E-13
5.4890E-13
5.9763E-13
7.6861E-13
5.0829E-13
4.7389E-13
7.1136E-13
5.2246E-13
6.3884E-13
3.8166E-13
3.0349E-13
7.9437E-13
6.9532E-13
4.0209E-13
5.1612E-13
3.0952E-13
3.4363E-13
2.8505E-13
6.1164E-13
4.3818E-13
8.0109E-13
2.8463E-13
5.4067E-13
5.5867E-13
4.0196E-13
5.2967E-13
3.7731E-13
6.3059E-13
4.0740E-13
7.4449E-13
4.5936E-13
5.6097E-13
4.8436E-13
6.6284E-13
4.0717E-13
6.3772E-13
2.6210E-13
4.5264E-13
5.7349E-13
4.4766E-13
5.4399E-13
4.9661E-13
4.2872E-13
4.1379E-13
5.7896E-13
1.4468E-12
5.4648E-13
4.4906E-13
4.3210E-13
3.5760E-13
5.1612E-13
3.4761E-13
3.4475E-13
4.1249E-13
3.8365E-13
5.6481E-13
5.4151E-13
5.3417E-13
5.2853E-13
1.5476E-12
1.1150E-12
6.1598E-13
5.0973E-13
4.5918E-13
1.0440E-12
5.2641E-13
5.8717E-13
4.9080E-13
6.7789E-13
7.4737E-13
5.9991E-13
8.6949E-13
4.2588E-13
3.7585E-13
2.5794E-13
5.3350E-13
3.4671E-13
6.4028E-13
4.8513E-13
2.8101E-13
5.1865E-13
4.5234E-13
6.4193E-13
3.5932E-13
4.1818E-13
5.7695E-13
2.7924E-12
5.5932E-13
9.5271E-13
6.1517E-13
3.3499E-12
5.6342E-13
7.3997E-13
2.8009E-13
3.9666E-13
4.4014E-13
5.4646E-13
3.2985E-13
3.4101E-13
6.7973E-13
4.2417E-13
9.5938E-13
3.2089E-13
2.6502E-13
6.6691E-13
3.0892E-13
6.4840E-13
5.6048E-13
5.5425E-13
5.2666E-13
4.5458E-13
7.1141E-13
5.3592E-13
4.6190E-13
4.7184E-13
5.9959E-13
5.4674E-13
8.6614E-13
7.6202E-13
7.6099E-13
8.5962E-13
4.7269E-13
4.1076E-13
9.0415E-13
6.2559E-13
6.4846E-13
3.0569E-13
4.1277E-13
7.0461E-13
4.9720E-13
1.7173E-12
1.5326E-12
7.7076E-13
5.3357E-13
7.0795E-13
5.0965E-13
3.8992E-13
5.1395E-13
4.5000E-13
4.2512E-13
1.0128E-12
3.0357E-13
4.4830E-13
5.3734E-13
5.6745E-13
3.5569E-13
4.1583E-13
5.0005E-13
3.8476E-13
4.1480E-13
5.5911E-13
3.9774E-13
9.4975E-13
1.2627E-12
3.5086E-13
7.7498E-13
4.2875E-13
3.9553E-13
7.8430E-13
1.2085E-12
5.0842E-13
4.1116E-13
3.3804E-13
3.0550E-13
4.3705E-13
5.8583E-13
2.3574E-13
7.7857E-13
4.7592E-13
3.9996E-13
5.6874E-13
9.0424E-13
2.1382E-12
4.7638E-13
6.2569E-13
8.1286E-13
4.6483E-13
7.7286E-13
3.9246E-13
3.8271E-13
9.5662E-13
5.6852E-13
5.4866E-13
3.3673E-13
3.4497E-13
4.3518E-13
9.3613E-13
4.6264E-13
7.9034E-13
4.3669E-13
3.2239E-13
1.1529E-12
7.9397E-13
6.8542E-13
3.0087E-13
1.0083E-12
3.8530E-12
5.7882E-13
5.7839E-13
8.6565E-13
3.3561E-13
5.5760E-13
7.5018E-13
1.6487E-12
5.0748E-13
6.4856E-13
5.0897E-13
3.4648E-13
5.2228E-13
4.4204E-13
1.7781E-12
6.5687E-13
9.1290E-13
3.4348E-13
4.1354E-13
3.9285E-13
5.8622E-13
3.4769E-13
4.5282E-13
9.8452E-13
4.4855E-13
5.7685E-13
1.9786E-12
1.1494E-12
6.5036E-13
4.2525E-13
5.3392E-13
5.1671E-13
9.8574E-13
5.9289E-13
3.4510E-13
3.4387E-13
3.3739E-13
5.6797E-13
3.5169E-13
3.1562E-13
5.0416E-13
1.4210E-12
5.2935E-13
4.6855E-13
4.7247E-13
7.1305E-13
3.8386E-13
4.2132E-13
3.7069E-13
5.8915E-13
7.2109E-13
5.0122E-13
5.5073E-13
6.8458E-13
3.7437E-13
5.9057E-13
3.9425E-13
5.4358E-13
4.7700E-13
6.1959E-13
5.3196E-13
1.4012E-12
6.3869E-13
1.0007E-12
5.3589E-13
6.7656E-13
5.8355E-13
4.6327E-13
5.0866E-13
5.6700E-13
9.4766E-13
1.0191E-12
2.7016E-13
3.1893E-13
3.7852E-13
7.8304E-13
4.0310E-13
4.9750E-13
8.3399E-13
3.7068E-13
7.6670E-13
4.7120E-13
6.9533E-13
5.1980E-13
9.1898E-13
9.2927E-13
8.8083E-13
5.4047E-13
4.6356E-13
3.4835E-12
6.4960E-13
6.3931E-13
2.8588E-13
5.7691E-13
3.2409E-13
6.6956E-13
5.9643E-13
4.4512E-13
3.9697E-13
3.4140E-13
6.7564E-13
6.2844E-13
5.4777E-13
4.0182E-13
7.4925E-13
6.5695E-13
2.9150E-13
3.4663E-13
4.9282E-13
2.5822E-13
9.2343E-13
3.3286E-13
7.2016E-13
2.9885E-13
8.2785E-13
5.3828E-13
1.4758E-12
3.6248E-13
9.3208E-13
6.8015E-13
5.8406E-13
5.9033E-13
4.6390E-13
4.8174E-13
4.2070E-13
3.3832E-13
1.0597E-12
6.4459E-13
9.8971E-13
4.1842E-13
3.4247E-13
4.6901E-13
3.7263E-13
8.1554E-13
4.3831E-13
3.1813E-13
3.5962E-13
2.3527E-12
5.5462E-13
1.5458E-12
3.7215E-13
5.5399E-13
5.6610E-13
4.5283E-13
3.9774E-13
4.4700E-13
1.0931E-12
4.9035E-13
7.8650E-13
6.4778E-13
6.6900E-13
6.3197E-13
6.5377E-13
5.6495E-13
2.6238E-13
9.5276E-13
5.5312E-13
4.8852E-13
2.3486E-12
3.3293E-13
7.6024E-13
5.0892E-13
4.5904E-13
5.1748E-13
2.9236E-13
7.3821E-13
2.7712E-13
4.7977E-13
4.3821E-13
5.0758E-13
4.6258E-13
3.3875E-13
1.3374E-12
5.4540E-13
1.0690E-12
4.4434E-13
1.2705E-12
4.2307E-13
8.3759E-13
3.0638E-13
3.0944E-13
1.4003E-12
5.6007E-13
4.3884E-13
8.9557E-13
3.2009E-13
7.0886E-13
3.2393E-13
2.8684E-13
7.1473E-13
4.3072E-13
5.8934E-13
5.5961E-13
4.5121E-13
5.9840E-13
7.0699E-13
7.1609E-13
5.3117E-13
3.8834E-13
4.7739E-13
2.8733E-12
5.5343E-13
8.5779E-13
4.0901E-13
6.9999E-13
7.3214E-13
3.2890E-13
5.7114E-13
9.1536E-13
4.7563E-13
4.3186E-13
4.4370E-13
5.0757E-13
1.2756E-12
5.5250E-13
6.8451E-13
9.3446E-13
3.8825E-13
3.4367E-13
7.3737E-13
4.8041E-13
5.7023E-13
5.6577E-13
9.5083E-13
8.0940E-13
4.8758E-13
3.2772E-13
7.1190E-13
4.7930E-13
4.1773E-13
5.0484E-13
1.8037E-13
6.1468E-13
5.1869E-13
1.1204E-12
6.2433E-13
5.0917E-13
4.7711E-13
8.3896E-13
1.1217E-12
3.6236E-13
7.0100E-13
6.2287E-13
4.8574E-13
1.7183E-12
4.5352E-13
6.8462E-13
7.7199E-13
9.7438E-13
1.0359E-12
9.5240E-13
6.0581E-13
6.4347E-13
9.6067E-13
4.7678E-13
2.0452E-12
4.9443E-13
6.7267E-13
8.2529E-13
9.3436E-13
9.4188E-13
6.1038E-13
6.2089E-13
8.9627E-13
4.1660E-13
5.2309E-13
7.0130E-13
4.1672E-13
6.8782E-13
3.8664E-13
3.2768E-13
3.9215E-13
3.7760E-13
4.3509E-13
7.4798E-13
1.1738E-12
4.4687E-13
5.5388E-13
4.0393E-13
1.1818E-12
3.9182E-13
6.4388E-13
3.5338E-13
9.3919E-13
4.5837E-13
5.0479E-13
4.2878E-13
1.3660E-12
6.5252E-13
1.4823E-12
7.0613E-13
8.9607E-13
5.6446E-13
1.1724E-12
6.2229E-13
5.0862E-13
5.2155E-13
2.3787E-13
4.8817E-13
3.9719E-13
6.2844E-13
7.9211E-13
3.9168E-13
4.4279E-13
1.2246E-12
8.1228E-13
6.5853E-13
5.0327E-13
1.0872E-12
3.9973E-13
3.5706E-13
7.0708E-13
3.2052E-13
7.5587E-13
5.8425E-13
5.6538E-13
5.3332E-13
5.5065E-13
8.4380E-13
4.2835E-13
6.6785E-13
1.0098E-12
5.1321E-13
8.8232E-13
9.5280E-13
3.8808E-13
6.1623E-13
7.7945E-13
9.3447E-13
5.9602E-13
4.5879E-13
6.8943E-13
8.1973E-13
4.5960E-13
5.0938E-13
8.6401E-13
4.2016E-13
8.7315E-13
4.6384E-13
5.1233E-13
7.5692E-13
4.0699E-13
3.5459E-13
7.0841E-13
1.0814E-12
5.2212E-13
6.8320E-13
4.4612E-13
5.0237E-13
7.3547E-13
8.5826E-13
3.6907E-13
6.8803E-13
5.9395E-13
8.2556E-13
6.5944E-13
4.8669E-13
4.8982E-13
4.4380E-13
1.0801E-12
5.2688E-13
6.1665E-13
7.2557E-13
6.5805E-13
6.6608E-13
6.7334E-13
5.2678E-13
4.2127E-13
5.5149E-13
5.0208E-13
2.5145E-13
3.8545E-13
6.7061E-13
1.7082E-12
3.1044E-13
1.7359E-12
9.9355E-13
4.6521E-13
1.3308E-12
3.7816E-13
6.7394E-13
8.4770E-13
4.8545E-13
8.0952E-13
5.3843E-13
3.6969E-13
4.7304E-13
1.0974E-12
4.4351E-13
4.0708E-13
3.1401E-13
7.5472E-13
1.3548E-12
6.1501E-13
2.9588E-13
4.6113E-13
7.4984E-13
6.6278E-13
1.6347E-12
7.4081E-13
1.2844E-12
7.5752E-13
1.0682E-12
1.2125E-12
4.7214E-13
9.3707E-13
4.0190E-13
1.3672E-12
4.9772E-13
5.0994E-13
1.3559E-12
9.0092E-13
9.0764E-13
5.4056E-13
4.2933E-13
1.1412E-12
5.6266E-13
3.5013E-13
9.2450E-13
1.2471E-12
4.2321E-13
9.1105E-13
7.7745E-13
8.1808E-13
2.5639E-13
6.3341E-13
6.6779E-13
3.6038E-13
4.8630E-13
5.5420E-13
7.6643E-13
2.1334E-13
7.8328E-13
5.1153E-13
6.6395E-13
4.6943E-13
9.0881E-13
7.1795E-13
4.3185E-13
6.7694E-13
5.0045E-13
8.3738E-13
3.4745E-13
5.1360E-13
7.1507E-13
7.4687E-13
7.1444E-13
5.0587E-13
9.0857E-13
5.1873E-13
7.5582E-13
7.9392E-13
6.4094E-13
6.3518E-13
7.4535E-13
1.0950E-12
6.1740E-13
8.8097E-13
8.2825E-13
9.6520E-13
2.1305E-12
7.5412E-13
7.6002E-13
8.8674E-13
5.8614E-13
4.4236E-13
4.4422E-13
3.3675E-13
6.6154E-13
6.9747E-13
9.9297E-13
5.5454E-13
8.9513E-13
6.7391E-13
7.9681E-13
5.5940E-13
7.5780E-13
1.3085E-12
8.5479E-13
8.7483E-13
9.6035E-13
1.0173E-12
5.7388E-13
7.0058E-13
6.7208E-13
7.4534E-13
9.7183E-13
5.2954E-13
7.5425E-13
5.4417E-13
8.5111E-13
4.7696E-13
4.4761E-13
6.9816E-13
3.6517E-13
6.1003E-13
7.0412E-13
8.2080E-13
5.2486E-13
6.6061E-13
7.1606E-13
4.5778E-13
4.5413E-13
6.9098E-13
5.0225E-13
1.6625E-12
5.9881E-13
4.0545E-13
5.1396E-13
6.8285E-13
4.6315E-13
4.5843E-13
4.6573E-13
8.2983E-13
4.7443E-13
4.1576E-13
8.7021E-13
4.3962E-13
1.2164E-12
5.4298E-13
5.6814E-13
1.7194E-12
6.7728E-13
5.8248E-13
4.2693E-13
1.0661E-12
5.7280E-13
4.7497E-13
6.1120E-13
5.0672E-13
5.9558E-13
4.4425E-13
5.0416E-13
6.6105E-13
5.3771E-13
2.1822E-13
5.3533E-13
5.2347E-13
5.4935E-13
4.6245E-13
4.5901E-13
4.4628E-13
4.9198E-13
4.9719E-13
6.4305E-13
3.9338E-13
7.5517E-13
6.7245E-13
6.3699E-13
6.5183E-13
3.4789E-13
5.0076E-13
5.5635E-13
6.0482E-13
6.2513E-13
1.2543E-12
6.4103E-13
6.1234E-13
5.8121E-13
5.8937E-13
4.4516E-13
5.0899E-13
6.1330E-13
6.1506E-13
4.1085E-13
5.5141E-13
8.4617E-13
5.8977E-13
5.1537E-13
4.8985E-13
4.7406E-13
6.8031E-13
4.5040E-13
5.6684E-13
7.0507E-13
5.1987E-13
5.3786E-13
6.1208E-13
5.2595E-13
6.2360E-13
7.4257E-13
5.7442E-13
6.8995E-13
6.7919E-13
8.0402E-13
5.1285E-13
5.4671E-13
1.1712E-12
4.2206E-13
5.2454E-13
1.4569E-12
5.2231E-13
5.7883E-13
5.6345E-13
6.4064E-13
2.4411E-13
5.5000E-13
5.4183E-13
1.1113E-12
6.1721E-13
5.7763E-13
4.6635E-13
6.5592E-13
5.0733E-13
3.2486E-13
9.6774E-13
3.7440E-13
5.1859E-13
3.5174E-13
8.5683E-13
6.8063E-13
5.3206E-13
5.2452E-13
6.6491E-13
5.0795E-13
6.6094E-13
8.4911E-13
6.7446E-13
4.8057E-13
7.0025E-13
6.1880E-13
5.6651E-13
5.6129E-13
4.0230E-13
4.7145E-13
4.2713E-13
1.4480E-12
5.0645E-13
4.9145E-13
9.9662E-13
5.4639E-13
5.4037E-13
4.7536E-13
5.1804E-13
4.4391E-13
5.5644E-13
5.5015E-13
1.3868E-12
5.2395E-13
6.3160E-13
6.8277E-13
7.8809E-13
3.9502E-13
5.7280E-13
6.0417E-13
1.1427E-12
9.4618E-13
1.2844E-12
4.8146E-13
7.3973E-13
5.8908E-13
5.9831E-13
7.2857E-13
6.4967E-13
5.5171E-13
5.3234E-13
4.8285E-13
1.0232E-12
5.1477E-13
4.5131E-13
5.1989E-13
7.2564E-13
6.9443E-13
5.7756E-13
6.6159E-13
4.6839E-13
1.1088E-12
8.0444E-13
3.6779E-12
5.9055E-13
4.6611E-13
5.1705E-13
5.7239E-13
4.5620E-13
1.4095E-12
2.7180E-12
3.4328E-13
1.1406E-12
5.7107E-13
5.5217E-13
6.8772E-13
7.1889E-13
5.0977E-13
4.9101E-13
3.9992E-13
1.0868E-12
5.8930E-13
4.4567E-13
3.4781E-13
4.8365E-13
5.3190E-13
4.2203E-13
8.5986E-13
5.0286E-13
5.6525E-13
9.2097E-13
4.8767E-13
3.7740E-13
5.1484E-13
6.2275E-13
6.6311E-13
5.4188E-13
8.9217E-13
6.5819E-13
4.9664E-13
8.2275E-13
3.9862E-13
4.3321E-13
5.3930E-13
4.4851E-13
5.5760E-13
6.3480E-13
8.9142E-13
4.0981E-13
7.9126E-13
3.5096E-13
8.0677E-13
5.4862E-13
4.6396E-13
4.0230E-13
4.7675E-13
1.0457E-12
5.7375E-13
4.2200E-13
2.1896E-12
4.4356E-13
3.9701E-13
4.1673E-13
6.4217E-13
4.8072E-13
4.9569E-13
5.3752E-13
5.4789E-13
5.2149E-13
1.0901E-12
5.2105E-13
1.5985E-12
4.2015E-13
4.7239E-13
3.2945E-13
4.0880E-13
3.6085E-13
8.4978E-13
4.5603E-13
1.0032E-12
4.2813E-13
5.8477E-13
7.2849E-13
1.7165E-12
1.7116E-12
4.4867E-13
6.0109E-13
3.2627E-13
6.8379E-13
4.3464E-13
6.9647E-13
7.0638E-13
5.1873E-13
5.3409E-13
6.2243E-13
3.8495E-13
8.4489E-13
4.6621E-13
1.1824E-12
1.1885E-12
6.8410E-13
4.1910E-13
7.5419E-13
4.4764E-13
6.0084E-13
5.5422E-13
5.0058E-13
5.3423E-12
7.1797E-13
6.0652E-13
7.1089E-13
1.3893E-12
3.2566E-13
6.3939E-13
4.5751E-13
4.6313E-13
1.3779E-12
4.1031E-13
3.9635E-13
6.3657E-13
4.3478E-13
5.0086E-13
4.5343E-13
8.1390E-13
4.2330E-13
2.0622E-13
6.1878E-13
4.0162E-13
5.2320E-13
7.3639E-13
4.3781E-13
4.0779E-13
6.9167E-13
4.8013E-13
4.8919E-13
6.5528E-13
1.1367E-12
5.5132E-13
3.2765E-13
6.5398E-13
5.9030E-13
7.1191E-13
5.0645E-13
3.2706E-13
5.0828E-13
6.9874E-13
4.2492E-13
4.5257E-13
4.2363E-13
3.0345E-13
5.1566E-13
5.2137E-13
1.2483E-12
6.1431E-13
5.2773E-13
4.8050E-13
5.5495E-13
7.5115E-13
1.2259E-12
4.7685E-13
1.0373E-12
1.0185E-12
6.6552E-13
3.8626E-13
9.1938E-13
6.8138E-13
7.3424E-13
4.6508E-13
5.6694E-13
3.6457E-13
6.1423E-13
4.8177E-13
5.0960E-13
4.0133E-13
9.5679E-13
1.0983E-12
7.1022E-13
7.1756E-13
1.8163E-12
5.7446E-13
8.5811E-13
5.4818E-13
4.0399E-13
3.6772E-13
6.5648E-13
4.7218E-13
1.1686E-12
5.9130E-13
5.8277E-13
4.1671E-13
4.4541E-13
6.6964E-13
7.6797E-13
5.1388E-13
7.0180E-13
4.6780E-13
4.7143E-13
5.6077E-13
7.2681E-13
5.7549E-13
5.4033E-13
5.0781E-13
3.6379E-13
6.3994E-13
4.5058E-13
1.1879E-12
3.8099E-13
6.0764E-13
4.3063E-13
4.5691E-13
2.0658E-12
9.1636E-13
1.0276E-12
1.0936E-12
4.7896E-13
5.5372E-13
5.2950E-13
5.1499E-13
5.9498E-13
3.9326E-13
3.7192E-13
3.9386E-13
4.9747E-13
3.9152E-13
4.2529E-13
4.4262E-13
5.3216E-13
6.0636E-13
4.2302E-13
5.5377E-13
3.6560E-13
4.7557E-13
6.0770E-13
6.1489E-13
4.3676E-13
4.3543E-13
6.4567E-13
5.8566E-13
6.1853E-13
5.7259E-13
5.9860E-13
3.8006E-13
4.6775E-13
3.6956E-13
